Solver: gecode
Model: CP_A_Gecode.mzn

Running inst01.dzn
Successor = [7, 2, 1, 3, 5, 6, 4, 1, 5, 3, 4, 6, 7, 2]
Num_visit = [3, 1, 2, 1, 2, 3]
Maximum Distance = 14
----------
==========
Finished in 0 seconds

Running inst02.dzn
Successor = [1, 2, 10, 4, 5, 6, 7, 8, 9, 3, 4, 2, 3, 10, 5, 6, 7, 8, 9, 1, 1, 2, 3, 4, 7, 6, 10, 8, 9, 5, 1, 10, 3, 4, 5, 6, 7, 8, 9, 2, 1, 2, 3, 4, 5, 8, 7, 10, 9, 6, 1, 2, 3, 4, 5, 6, 7, 8, 10, 9]
Num_visit = [1, 1, 1, 2, 1, 1, 2, 2, 1]
Maximum Distance = 226
----------
Finished in 300 seconds

Running inst03.dzn
Successor = [1, 2, 8, 4, 6, 3, 7, 5, 1, 8, 3, 2, 5, 6, 7, 4, 8, 2, 3, 4, 5, 6, 1, 7]
Num_visit = [2, 2, 3, 1, 1, 2, 1]
Maximum Distance = 12
----------
==========
Finished in 0 seconds

Running inst04.dzn
Successor = [10, 1, 3, 4, 5, 6, 7, 8, 9, 11, 2, 1, 2, 9, 4, 11, 6, 7, 8, 5, 10, 3, 1, 2, 3, 7, 5, 6, 11, 8, 9, 10, 4, 1, 2, 3, 4, 5, 11, 7, 8, 9, 10, 6, 1, 2, 3, 4, 5, 6, 7, 11, 9, 10, 8, 1, 2, 3, 4, 5, 6, 7, 8, 9, 10, 11, 1, 2, 3, 4, 5, 6, 7, 8, 9, 10, 11, 1, 2, 3, 4, 5, 6, 7, 8, 9, 10, 11]
Num_visit = [2, 1, 1, 1, 3, 1, 2, 1, 2, 3]
Maximum Distance = 220
----------
Finished in 300 seconds

Running inst05.dzn
Successor = [1, 4, 3, 2, 3, 2, 4, 1]
Num_visit = [1, 1, 2]
Maximum Distance = 206
----------
==========
Finished in 1 seconds

Running inst06.dzn
Successor = [6, 1, 9, 4, 5, 3, 7, 8, 2, 1, 2, 3, 9, 4, 6, 7, 8, 5, 1, 2, 3, 4, 5, 6, 8, 9, 7, 1, 2, 3, 4, 5, 6, 7, 8, 9, 1, 2, 3, 4, 5, 6, 7, 8, 9, 1, 2, 3, 4, 5, 6, 7, 8, 9]
Num_visit = [2, 1, 4, 2, 1, 3, 1, 2]
Maximum Distance = 322
----------
Finished in 300 seconds

Running inst07.dzn
Successor = [17, 2, 3, 4, 5, 6, 7, 18, 9, 10, 1, 12, 13, 14, 15, 16, 8, 11, 1, 2, 3, 4, 15, 6, 7, 8, 9, 10, 11, 12, 13, 14, 18, 16, 17, 5, 1, 2, 7, 4, 5, 6, 18, 8, 9, 10, 11, 12, 14, 3, 15, 16, 17, 13, 1, 18, 3, 4, 5, 6, 7, 8, 9, 10, 11, 12, 13, 14, 15, 16, 17, 2, 1, 2, 3, 18, 5, 6, 7, 8, 9, 10, 11, 4, 13, 14, 15, 16, 17, 12, 1, 2, 3, 4, 5, 18, 7, 8, 10, 16, 11, 12, 13, 14, 15, 6, 17, 9]
Num_visit = [2, 1, 3, 2, 1, 4, 4, 4, 1, 2, 1, 1, 1, 2, 2, 3, 3]
Maximum Distance = 167
----------
Finished in 300 seconds

Running inst08.dzn
Successor = [11, 1, 3, 4, 5, 6, 7, 8, 9, 10, 2, 1, 2, 5, 4, 11, 6, 7, 8, 9, 3, 10, 1, 2, 3, 7, 5, 6, 11, 8, 9, 10, 4, 1, 2, 3, 4, 5, 11, 7, 8, 9, 10, 6, 1, 2, 3, 4, 5, 6, 7, 8, 11, 10, 9, 1, 2, 3, 4, 5, 6, 7, 11, 9, 10, 8, 1, 2, 3, 4, 5, 6, 7, 8, 9, 10, 11, 1, 2, 3, 4, 5, 6, 7, 8, 9, 10, 11]
Num_visit = [2, 1, 2, 1, 3, 1, 2, 1, 1, 1]
Maximum Distance = 186
----------
Finished in 300 seconds

Running inst09.dzn
Successor = [14, 2, 3, 1, 5, 11, 7, 8, 4, 10, 9, 12, 13, 6, 1, 10, 3, 4, 5, 6, 7, 8, 9, 14, 11, 2, 13, 12, 1, 2, 5, 4, 7, 6, 14, 8, 9, 10, 11, 12, 13, 3, 1, 2, 3, 4, 5, 6, 7, 13, 9, 10, 11, 12, 14, 8, 1, 2, 3, 4, 5, 6, 7, 8, 9, 10, 11, 12, 13, 14, 1, 2, 3, 4, 5, 6, 7, 8, 9, 10, 11, 12, 13, 14, 1, 2, 3, 4, 5, 6, 7, 8, 9, 10, 11, 12, 13, 14, 1, 2, 3, 4, 5, 6, 7, 8, 9, 10, 11, 12, 13, 14, 1, 2, 3, 4, 5, 6, 7, 8, 9, 10, 11, 12, 13, 14, 1, 2, 3, 4, 5, 6, 7, 8, 9, 10, 11, 12, 13, 14]
Num_visit = [5, 2, 1, 4, 2, 1, 3, 1, 3, 3, 2, 1, 2]
Maximum Distance = 436
----------
Finished in 300 seconds

Running inst10.dzn
Successor = [5, 2, 3, 4, 14, 6, 7, 8, 9, 1, 11, 12, 13, 10, 1, 7, 3, 14, 5, 6, 13, 8, 9, 10, 2, 12, 4, 11, 1, 2, 9, 4, 5, 14, 7, 8, 6, 10, 11, 12, 13, 3, 1, 2, 3, 4, 5, 6, 7, 14, 9, 10, 11, 12, 13, 8, 1, 2, 3, 4, 5, 6, 7, 8, 9, 10, 11, 14, 13, 12, 1, 2, 3, 4, 5, 6, 7, 8, 9, 10, 11, 12, 13, 14, 1, 2, 3, 4, 5, 6, 7, 8, 9, 10, 11, 12, 13, 14, 1, 2, 3, 4, 5, 6, 7, 8, 9, 10, 11, 12, 13, 14, 1, 2, 3, 4, 5, 6, 7, 8, 9, 10, 11, 12, 13, 14, 1, 2, 3, 4, 5, 6, 7, 8, 9, 10, 11, 12, 13, 14]
Num_visit = [2, 2, 1, 5, 3, 3, 3, 1, 2, 1, 1, 1, 4]
Maximum Distance = 244
----------
Finished in 300 seconds

Running inst11.dzn
Successor = [113, 2, 3, 4, 5, 6, 7, 8, 9, 10, 11, 12, 13, 14, 15, 16, 17, 18, 19, 20, 21, 22, 23, 56, 25, 26, 27, 28, 29, 30, 31, 32, 33, 34, 35, 36, 37, 38, 39, 40, 41, 42, 43, 44, 78, 46, 47, 48, 49, 50, 51, 52, 53, 54, 55, 141, 57, 58, 59, 60, 61, 62, 63, 64, 65, 114, 67, 68, 69, 70, 71, 72, 73, 74, 75, 76, 77, 66, 79, 80, 81, 82, 83, 84, 85, 86, 87, 88, 89, 90, 91, 92, 93, 94, 95, 96, 97, 98, 99, 100, 101, 102, 103, 104, 105, 106, 107, 108, 109, 110, 111, 112, 144, 24, 115, 116, 117, 118, 119, 120, 121, 122, 123, 124, 125, 126, 127, 128, 129, 130, 131, 132, 133, 134, 135, 136, 137, 138, 139, 140, 1, 142, 143, 45, 1, 107, 3, 4, 5, 6, 7, 8, 9, 10, 11, 12, 13, 14, 15, 16, 17, 18, 19, 20, 21, 22, 23, 24, 71, 26, 27, 28, 29, 30, 31, 32, 33, 34, 35, 36, 37, 38, 39, 40, 41, 42, 74, 44, 45, 46, 47, 48, 49, 50, 51, 52, 53, 54, 55, 56, 57, 58, 59, 60, 61, 62, 63, 64, 65, 66, 67, 108, 69, 70, 144, 72, 73, 2, 75, 76, 77, 78, 79, 80, 81, 82, 83, 84, 85, 86, 87, 88, 89, 90, 91, 92, 93, 94, 95, 96, 97, 98, 99, 100, 101, 102, 103, 104, 105, 106, 68, 25, 109, 110, 111, 112, 113, 114, 115, 116, 117, 118, 119, 120, 121, 122, 123, 124, 125, 126, 127, 128, 129, 130, 131, 132, 133, 134, 135, 136, 137, 138, 139, 140, 141, 142, 143, 43, 1, 2, 13, 4, 5, 6, 7, 8, 9, 10, 11, 12, 50, 14, 15, 16, 17, 18, 19, 20, 21, 22, 23, 24, 25, 86, 27, 28, 29, 30, 31, 32, 33, 34, 35, 36, 37, 38, 39, 40, 41, 42, 43, 44, 45, 46, 47, 48, 49, 96, 51, 52, 53, 73, 55, 56, 57, 58, 59, 60, 61, 62, 63, 64, 65, 66, 67, 68, 69, 137, 71, 72, 3, 74, 75, 76, 77, 78, 79, 80, 81, 82, 83, 84, 85, 70, 87, 88, 89, 90, 91, 92, 93, 94, 95, 118, 97, 98, 99, 100, 101, 102, 26, 104, 105, 106, 107, 108, 109, 110, 111, 112, 113, 114, 115, 116, 117, 103, 119, 120, 121, 122, 123, 124, 125, 126, 127, 128, 129, 130, 131, 132, 133, 134, 135, 136, 144, 138, 139, 140, 141, 142, 143, 54, 1, 2, 3, 138, 5, 6, 7, 8, 9, 10, 11, 12, 13, 14, 15, 16, 17, 18, 19, 20, 21, 22, 23, 24, 25, 26, 84, 28, 29, 30, 31, 32, 33, 34, 35, 36, 37, 38, 39, 40, 41, 42, 43, 44, 45, 46, 47, 48, 49, 50, 51, 52, 53, 54, 55, 56, 57, 58, 59, 60, 61, 62, 63, 64, 65, 66, 67, 68, 69, 70, 71, 72, 73, 74, 112, 76, 77, 78, 79, 80, 81, 82, 83, 144, 85, 86, 87, 88, 89, 90, 91, 92, 93, 94, 4, 96, 97, 98, 99, 100, 101, 102, 103, 104, 105, 106, 107, 108, 109, 110, 111, 27, 113, 114, 115, 116, 117, 118, 119, 120, 121, 122, 123, 124, 125, 126, 127, 128, 129, 130, 131, 132, 133, 134, 135, 136, 137, 75, 139, 140, 141, 142, 143, 95, 1, 2, 3, 4, 136, 6, 7, 122, 9, 10, 11, 12, 13, 14, 15, 16, 17, 18, 19, 20, 21, 22, 23, 24, 25, 26, 27, 28, 110, 30, 31, 32, 33, 34, 35, 36, 37, 38, 39, 40, 41, 42, 43, 44, 45, 46, 47, 48, 49, 50, 51, 52, 53, 54, 55, 56, 57, 58, 59, 60, 61, 62, 63, 64, 65, 66, 67, 68, 69, 70, 71, 72, 73, 74, 75, 76, 77, 78, 132, 80, 81, 82, 83, 84, 85, 86, 87, 88, 89, 90, 91, 92, 93, 94, 95, 96, 97, 98, 99, 100, 101, 102, 103, 104, 105, 106, 107, 108, 109, 5, 111, 112, 113, 114, 115, 116, 117, 118, 119, 120, 121, 79, 123, 124, 125, 126, 127, 128, 129, 130, 131, 29, 133, 134, 135, 144, 137, 138, 139, 140, 141, 142, 143, 8, 1, 2, 3, 4, 5, 87, 7, 8, 9, 10, 11, 12, 13, 14, 15, 16, 17, 18, 19, 20, 21, 22, 23, 24, 25, 26, 27, 28, 29, 109, 31, 32, 33, 34, 35, 36, 37, 38, 39, 40, 41, 42, 43, 44, 45, 46, 47, 48, 49, 50, 51, 52, 53, 54, 55, 56, 57, 58, 59, 60, 61, 62, 63, 64, 65, 66, 67, 68, 69, 70, 71, 72, 73, 74, 75, 76, 77, 78, 79, 127, 81, 82, 83, 84, 85, 86, 30, 88, 89, 90, 91, 92, 93, 94, 95, 96, 97, 98, 99, 100, 101, 102, 103, 104, 105, 106, 107, 108, 80, 110, 111, 112, 113, 114, 115, 116, 117, 118, 6, 120, 121, 122, 123, 124, 125, 126, 144, 128, 129, 130, 131, 132, 133, 134, 135, 136, 137, 138, 139, 140, 141, 142, 143, 119, 1, 2, 3, 4, 5, 6, 20, 8, 9, 10, 11, 12, 13, 14, 15, 16, 17, 18, 19, 61, 21, 22, 23, 24, 25, 26, 27, 28, 29, 30, 133, 32, 33, 34, 35, 36, 37, 38, 39, 40, 41, 42, 43, 44, 45, 46, 47, 48, 49, 50, 51, 52, 97, 54, 55, 56, 57, 58, 59, 60, 144, 62, 63, 64, 65, 66, 67, 68, 69, 70, 71, 72, 73, 74, 75, 76, 77, 78, 79, 80, 81, 90, 83, 84, 85, 86, 87, 88, 89, 7, 91, 92, 82, 94, 95, 96, 31, 98, 99, 100, 101, 102, 103, 104, 105, 93, 107, 108, 109, 110, 111, 112, 113, 114, 115, 116, 117, 118, 119, 120, 121, 122, 123, 124, 125, 126, 127, 128, 129, 130, 131, 132, 106, 134, 135, 136, 137, 138, 139, 140, 141, 142, 143, 53, 1, 2, 3, 4, 5, 6, 7, 8, 124, 10, 11, 12, 13, 14, 15, 16, 17, 18, 19, 20, 21, 22, 23, 24, 25, 26, 27, 28, 29, 30, 31, 42, 33, 34, 35, 36, 37, 38, 39, 40, 41, 9, 43, 44, 45, 46, 47, 48, 49, 50, 51, 52, 53, 54, 55, 56, 57, 58, 59, 60, 61, 62, 63, 64, 65, 66, 67, 68, 69, 70, 71, 72, 73, 74, 75, 76, 77, 78, 79, 80, 81, 82, 83, 84, 85, 86, 87, 88, 89, 90, 91, 92, 93, 94, 95, 96, 97, 129, 99, 100, 101, 102, 103, 104, 105, 106, 107, 108, 109, 110, 111, 112, 113, 114, 115, 116, 135, 118, 119, 120, 121, 122, 123, 117, 32, 126, 127, 128, 144, 130, 131, 132, 133, 134, 98, 136, 137, 138, 139, 140, 141, 142, 143, 125, 1, 2, 3, 4, 5, 6, 7, 8, 9, 57, 11, 12, 13, 14, 15, 16, 17, 18, 19, 20, 21, 22, 23, 24, 25, 26, 27, 28, 29, 30, 31, 32, 128, 34, 35, 36, 37, 38, 39, 40, 41, 42, 43, 44, 45, 46, 47, 48, 49, 50, 51, 52, 53, 54, 55, 56, 126, 58, 59, 60, 61, 62, 63, 64, 65, 66, 67, 68, 69, 70, 71, 72, 73, 74, 75, 76, 77, 78, 79, 80, 81, 82, 83, 84, 85, 86, 87, 88, 89, 90, 91, 92, 93, 94, 95, 96, 97, 98, 99, 100, 101, 102, 103, 104, 105, 106, 107, 108, 109, 110, 111, 112, 113, 114, 115, 116, 117, 118, 119, 120, 144, 122, 134, 124, 125, 123, 127, 10, 129, 130, 131, 132, 133, 121, 135, 136, 137, 138, 139, 33, 141, 142, 143, 140, 1, 2, 3, 4, 5, 6, 7, 8, 9, 10, 89, 12, 13, 14, 15, 16, 17, 18, 19, 20, 21, 22, 23, 24, 25, 26, 27, 28, 29, 30, 31, 32, 33, 69, 35, 36, 37, 38, 39, 40, 41, 42, 43, 44, 45, 46, 47, 48, 49, 50, 51, 52, 53, 54, 55, 56, 57, 58, 59, 60, 61, 62, 63, 64, 65, 66, 67, 68, 11, 70, 71, 72, 73, 74, 75, 76, 77, 78, 79, 80, 81, 82, 83, 84, 85, 86, 87, 88, 144, 90, 91, 92, 93, 94, 95, 96, 97, 98, 99, 100, 101, 102, 103, 104, 105, 106, 107, 108, 109, 110, 111, 112, 113, 114, 115, 116, 117, 118, 119, 120, 121, 122, 123, 124, 125, 126, 127, 128, 129, 130, 131, 132, 133, 134, 135, 136, 137, 138, 139, 140, 141, 34, 143, 142, 1, 2, 3, 4, 5, 6, 7, 8, 9, 10, 11, 44, 13, 14, 15, 16, 17, 18, 19, 20, 21, 22, 23, 24, 25, 26, 27, 28, 29, 30, 31, 32, 33, 34, 120, 36, 37, 38, 39, 40, 41, 42, 43, 144, 45, 46, 47, 48, 49, 50, 51, 52, 53, 54, 55, 56, 57, 58, 59, 35, 61, 62, 63, 64, 65, 66, 67, 68, 69, 70, 71, 72, 73, 74, 75, 76, 77, 78, 79, 80, 81, 82, 83, 84, 85, 86, 87, 88, 89, 90, 91, 92, 93, 94, 95, 96, 97, 98, 99, 100, 101, 102, 103, 104, 105, 106, 107, 108, 109, 110, 111, 112, 113, 114, 115, 116, 117, 118, 119, 12, 121, 122, 123, 124, 125, 126, 127, 128, 129, 130, 131, 132, 133, 134, 135, 136, 137, 138, 139, 140, 141, 142, 143, 60, 1, 2, 3, 4, 5, 6, 7, 8, 9, 10, 11, 12, 13, 72, 15, 16, 17, 18, 19, 20, 21, 22, 23, 24, 25, 26, 27, 28, 29, 30, 31, 32, 33, 34, 35, 14, 88, 38, 39, 40, 41, 42, 43, 44, 45, 46, 47, 48, 49, 50, 51, 52, 53, 54, 55, 56, 57, 58, 59, 60, 61, 62, 63, 64, 65, 66, 67, 68, 69, 70, 71, 37, 73, 74, 75, 76, 77, 78, 79, 80, 81, 82, 83, 84, 85, 86, 87, 144, 89, 90, 36, 92, 93, 94, 95, 96, 97, 98, 99, 100, 101, 102, 103, 104, 105, 106, 107, 108, 109, 110, 111, 112, 113, 114, 115, 116, 117, 118, 119, 120, 121, 122, 123, 124, 125, 126, 127, 128, 129, 130, 131, 132, 133, 134, 135, 136, 137, 138, 139, 140, 141, 142, 143, 91, 1, 2, 3, 4, 5, 6, 7, 8, 9, 10, 11, 12, 13, 14, 38, 16, 17, 18, 19, 20, 21, 22, 23, 24, 25, 26, 27, 28, 29, 30, 31, 32, 33, 34, 35, 36, 37, 67, 41, 40, 15, 42, 43, 44, 45, 46, 47, 48, 49, 50, 51, 52, 53, 54, 55, 56, 57, 58, 59, 60, 61, 62, 63, 64, 65, 66, 144, 68, 69, 70, 71, 72, 73, 74, 75, 76, 77, 78, 79, 80, 81, 82, 83, 84, 85, 86, 87, 88, 89, 90, 91, 92, 93, 94, 95, 96, 97, 98, 99, 39, 101, 102, 103, 104, 105, 106, 107, 108, 109, 110, 111, 112, 113, 114, 115, 116, 117, 118, 119, 120, 121, 122, 123, 124, 125, 126, 127, 128, 129, 130, 131, 132, 133, 134, 135, 136, 137, 138, 139, 140, 141, 142, 143, 100, 1, 2, 3, 4, 5, 6, 7, 8, 9, 10, 11, 12, 13, 14, 15, 28, 17, 18, 19, 20, 21, 22, 23, 24, 25, 26, 27, 111, 29, 30, 31, 32, 33, 34, 35, 36, 37, 38, 39, 40, 41, 42, 43, 44, 45, 47, 85, 48, 102, 50, 51, 52, 53, 54, 55, 56, 57, 58, 59, 60, 61, 62, 63, 64, 65, 66, 67, 68, 69, 70, 71, 72, 73, 74, 75, 76, 77, 78, 79, 80, 81, 82, 83, 84, 16, 86, 87, 88, 89, 90, 91, 92, 93, 94, 95, 96, 97, 98, 99, 100, 101, 144, 103, 104, 105, 106, 107, 108, 109, 110, 49, 112, 113, 114, 115, 116, 117, 118, 119, 120, 121, 122, 123, 124, 125, 126, 127, 128, 129, 130, 131, 132, 133, 134, 135, 136, 137, 138, 139, 140, 141, 142, 143, 46, 1, 2, 3, 4, 5, 6, 7, 8, 9, 10, 11, 12, 13, 14, 15, 16, 116, 18, 19, 20, 21, 22, 23, 24, 25, 26, 27, 28, 29, 30, 31, 32, 33, 34, 35, 36, 37, 38, 39, 40, 41, 42, 43, 44, 45, 46, 47, 48, 49, 50, 83, 52, 53, 54, 55, 56, 57, 58, 59, 60, 61, 62, 63, 64, 65, 66, 67, 68, 69, 70, 71, 72, 73, 74, 75, 76, 77, 78, 79, 80, 81, 82, 144, 84, 85, 86, 87, 88, 89, 90, 91, 92, 93, 17, 95, 96, 97, 98, 99, 100, 101, 102, 103, 104, 105, 106, 107, 108, 109, 110, 111, 112, 113, 114, 115, 51, 117, 118, 119, 120, 121, 122, 123, 124, 125, 126, 127, 128, 129, 130, 131, 132, 133, 134, 135, 136, 137, 138, 139, 140, 141, 142, 143, 94, 1, 2, 3, 4, 5, 6, 7, 8, 9, 10, 11, 12, 13, 14, 15, 16, 17, 104, 19, 20, 21, 22, 23, 24, 25, 26, 27, 28, 29, 30, 31, 32, 33, 34, 35, 36, 37, 38, 39, 40, 41, 42, 43, 44, 45, 46, 47, 48, 49, 50, 51, 115, 53, 54, 55, 56, 57, 58, 59, 60, 61, 62, 63, 64, 65, 66, 67, 68, 69, 70, 71, 72, 73, 74, 75, 76, 77, 78, 79, 80, 81, 82, 83, 84, 85, 86, 87, 88, 89, 90, 91, 92, 93, 94, 95, 96, 97, 98, 99, 100, 52, 102, 103, 144, 105, 106, 107, 108, 109, 110, 111, 112, 113, 114, 18, 116, 117, 118, 119, 120, 121, 122, 123, 124, 125, 126, 127, 128, 129, 130, 131, 132, 133, 134, 135, 136, 137, 138, 139, 140, 141, 142, 143, 101, 1, 2, 3, 4, 5, 6, 7, 8, 9, 10, 11, 12, 13, 14, 15, 16, 17, 18, 48, 20, 21, 22, 23, 24, 25, 26, 27, 28, 29, 30, 31, 32, 33, 34, 35, 36, 37, 38, 39, 40, 41, 42, 43, 44, 45, 46, 47, 64, 49, 50, 51, 52, 53, 54, 131, 56, 57, 58, 59, 60, 61, 62, 63, 144, 65, 66, 67, 68, 69, 70, 71, 72, 73, 74, 75, 76, 77, 78, 79, 80, 81, 82, 83, 84, 85, 86, 87, 88, 89, 90, 91, 92, 93, 94, 95, 96, 97, 98, 99, 100, 101, 102, 103, 104, 55, 106, 107, 108, 109, 110, 111, 112, 113, 114, 115, 116, 117, 118, 119, 120, 121, 122, 123, 124, 125, 126, 127, 128, 129, 130, 19, 132, 133, 134, 135, 136, 137, 138, 139, 140, 141, 142, 143, 105, 1, 2, 3, 4, 5, 6, 7, 8, 9, 10, 11, 12, 13, 14, 15, 16, 17, 18, 19, 20, 143, 22, 23, 24, 25, 26, 27, 28, 29, 30, 31, 32, 33, 34, 35, 36, 37, 38, 39, 40, 41, 42, 43, 44, 45, 46, 47, 48, 49, 50, 51, 52, 53, 54, 55, 56, 57, 92, 59, 60, 61, 62, 63, 64, 65, 66, 67, 68, 69, 70, 71, 72, 73, 74, 75, 76, 77, 78, 79, 80, 81, 82, 83, 84, 85, 86, 87, 88, 89, 90, 91, 144, 93, 94, 95, 96, 97, 98, 21, 100, 101, 102, 103, 104, 105, 106, 107, 108, 109, 110, 111, 112, 113, 114, 115, 116, 117, 118, 119, 120, 121, 122, 123, 124, 125, 126, 127, 128, 129, 130, 131, 132, 133, 134, 135, 136, 137, 138, 139, 140, 141, 142, 58, 99, 1, 2, 3, 4, 5, 6, 7, 8, 9, 10, 11, 12, 13, 14, 15, 16, 17, 18, 19, 20, 21, 59, 23, 24, 25, 26, 27, 28, 29, 30, 31, 32, 33, 34, 35, 36, 37, 38, 39, 40, 41, 42, 43, 44, 45, 46, 47, 48, 49, 50, 51, 52, 53, 54, 55, 56, 57, 58, 76, 60, 61, 139, 22, 64, 65, 66, 67, 68, 69, 70, 71, 72, 73, 74, 75, 62, 77, 78, 79, 80, 81, 82, 83, 84, 85, 86, 87, 88, 89, 90, 91, 92, 93, 94, 95, 96, 97, 98, 99, 100, 101, 102, 103, 104, 105, 106, 107, 108, 109, 110, 111, 112, 113, 114, 115, 116, 117, 118, 119, 120, 121, 122, 123, 124, 125, 126, 127, 128, 129, 130, 131, 132, 133, 134, 135, 136, 137, 138, 144, 140, 141, 142, 143, 63, 1, 2, 3, 4, 5, 6, 7, 8, 9, 10, 11, 12, 13, 14, 15, 16, 17, 18, 19, 20, 21, 22, 130, 24, 25, 26, 27, 28, 29, 30, 31, 32, 33, 34, 35, 36, 37, 38, 39, 77, 41, 42, 43, 44, 45, 46, 47, 48, 49, 50, 51, 52, 53, 54, 55, 56, 57, 58, 59, 60, 61, 62, 63, 64, 81, 66, 67, 68, 69, 70, 71, 72, 73, 74, 75, 76, 23, 78, 79, 80, 144, 82, 83, 84, 85, 86, 87, 88, 89, 90, 91, 92, 93, 94, 95, 96, 97, 98, 99, 100, 101, 102, 103, 104, 105, 106, 107, 108, 109, 110, 111, 112, 113, 114, 115, 116, 117, 118, 119, 120, 121, 122, 123, 124, 125, 126, 127, 128, 129, 65, 131, 132, 133, 134, 135, 136, 137, 138, 139, 140, 141, 142, 143, 40]
Num_visit = [8, 3, 3, 2, 7, 2, 9, 1, 4, 4, 4, 4, 4, 3, 4, 4, 2, 4, 4, 10, 2, 2, 3, 5, 7, 9, 6, 5, 5, 4, 3, 2, 2, 2, 2, 2, 5, 5, 2, 1, 3, 3, 1, 5, 1, 1, 2, 5, 7, 5, 4, 2, 1, 1, 2, 6, 5, 4, 3, 1, 11, 5, 1, 6, 5, 3, 6, 5, 3, 11, 8, 4, 2, 2, 4, 4, 2, 2, 3, 6, 6, 7, 5, 7, 3, 10, 3, 6, 5, 8, 1, 5, 6, 1, 1, 6, 2, 8, 1, 1, 1, 8, 8, 5, 1, 5, 4, 6, 5, 6, 6, 5, 9, 4, 3, 3, 6, 7, 1, 3, 9, 2, 7, 5, 1, 6, 7, 3, 9, 4, 3, 4, 4, 8, 7, 8, 12, 3, 6, 1, 7, 1, 3]
Maximum Distance = 936
----------
Finished in 302 seconds

Running inst12.dzn
Successor = [71, 2, 3, 4, 5, 6, 7, 8, 9, 10, 11, 12, 13, 14, 15, 16, 17, 18, 19, 20, 21, 22, 23, 24, 25, 55, 27, 28, 29, 30, 31, 32, 33, 34, 1, 36, 37, 38, 39, 40, 41, 42, 43, 44, 45, 46, 47, 48, 49, 50, 51, 52, 53, 54, 96, 56, 57, 58, 59, 60, 61, 62, 63, 64, 65, 66, 67, 68, 69, 70, 26, 72, 73, 74, 75, 76, 77, 78, 79, 80, 81, 82, 83, 84, 85, 86, 87, 88, 89, 90, 91, 92, 93, 94, 95, 35, 1, 93, 3, 4, 5, 6, 7, 8, 9, 10, 11, 12, 13, 14, 15, 16, 17, 18, 19, 20, 21, 22, 65, 24, 25, 26, 60, 28, 29, 30, 31, 32, 33, 34, 35, 36, 37, 38, 39, 40, 41, 42, 43, 44, 45, 46, 47, 48, 49, 50, 51, 52, 53, 54, 55, 56, 57, 58, 59, 2, 61, 62, 63, 64, 27, 66, 67, 68, 69, 70, 71, 72, 73, 74, 75, 76, 77, 78, 79, 80, 81, 82, 83, 84, 85, 86, 87, 88, 89, 90, 91, 92, 96, 94, 95, 23, 1, 2, 30, 4, 5, 6, 7, 8, 9, 10, 11, 12, 13, 14, 15, 16, 17, 18, 19, 20, 21, 22, 23, 24, 25, 26, 27, 43, 29, 28, 31, 32, 33, 34, 35, 36, 37, 38, 39, 40, 41, 42, 96, 44, 45, 46, 47, 48, 49, 50, 51, 52, 53, 54, 55, 56, 57, 58, 59, 60, 61, 62, 63, 64, 65, 66, 67, 68, 69, 70, 71, 72, 73, 74, 75, 76, 77, 78, 79, 80, 81, 82, 83, 84, 85, 3, 87, 88, 89, 90, 91, 92, 93, 94, 95, 86, 1, 2, 3, 91, 5, 6, 7, 8, 9, 10, 11, 12, 13, 14, 15, 16, 17, 18, 19, 20, 21, 22, 23, 24, 25, 26, 27, 28, 29, 30, 31, 49, 33, 34, 35, 36, 4, 38, 39, 40, 41, 42, 43, 44, 45, 46, 47, 48, 96, 50, 51, 52, 53, 54, 55, 56, 57, 58, 59, 60, 61, 62, 63, 64, 65, 66, 67, 68, 69, 70, 71, 72, 73, 74, 75, 76, 77, 78, 79, 80, 81, 82, 83, 84, 85, 86, 87, 88, 89, 90, 32, 92, 93, 94, 95, 37, 1, 2, 3, 4, 59, 6, 7, 8, 9, 10, 11, 12, 13, 14, 15, 16, 17, 18, 19, 20, 21, 22, 23, 24, 38, 26, 27, 28, 29, 30, 31, 32, 33, 42, 35, 36, 37, 34, 39, 40, 41, 5, 43, 44, 45, 46, 47, 48, 49, 50, 51, 52, 53, 54, 55, 56, 57, 58, 96, 60, 61, 62, 63, 64, 65, 66, 67, 68, 69, 70, 71, 72, 73, 74, 75, 76, 77, 78, 79, 80, 81, 82, 83, 84, 85, 86, 87, 88, 89, 90, 91, 92, 93, 94, 95, 25, 1, 2, 3, 4, 5, 15, 7, 8, 9, 10, 11, 12, 13, 14, 63, 73, 17, 18, 19, 20, 21, 22, 23, 24, 25, 26, 27, 28, 29, 30, 31, 32, 33, 34, 35, 80, 37, 38, 39, 40, 41, 42, 43, 44, 45, 46, 47, 48, 49, 50, 51, 52, 53, 54, 55, 56, 57, 58, 59, 60, 61, 62, 96, 64, 65, 66, 67, 68, 69, 70, 71, 72, 36, 74, 75, 76, 77, 78, 79, 6, 81, 82, 83, 84, 85, 86, 87, 88, 89, 90, 91, 92, 93, 94, 95, 16, 1, 2, 3, 4, 5, 6, 72, 8, 9, 10, 11, 12, 13, 14, 15, 16, 17, 18, 19, 20, 21, 22, 23, 24, 25, 26, 27, 28, 29, 30, 31, 32, 33, 34, 35, 36, 37, 38, 57, 40, 41, 42, 43, 44, 45, 46, 47, 48, 49, 50, 51, 52, 53, 54, 55, 56, 7, 58, 59, 60, 61, 62, 63, 64, 65, 66, 67, 68, 69, 70, 71, 96, 73, 39, 75, 76, 77, 78, 79, 80, 81, 82, 83, 84, 85, 86, 87, 88, 89, 90, 91, 92, 93, 94, 95, 74, 1, 2, 3, 4, 5, 6, 7, 84, 9, 10, 11, 12, 13, 14, 15, 16, 17, 18, 19, 20, 21, 22, 23, 24, 25, 26, 27, 28, 29, 30, 31, 32, 33, 34, 35, 36, 37, 38, 39, 58, 41, 42, 43, 44, 45, 46, 47, 48, 49, 50, 51, 52, 53, 54, 55, 56, 57, 8, 59, 60, 61, 62, 63, 64, 65, 66, 67, 68, 69, 70, 71, 72, 73, 74, 75, 76, 77, 78, 79, 80, 81, 82, 83, 96, 85, 86, 87, 88, 89, 90, 91, 92, 93, 40, 95, 94, 1, 2, 3, 4, 5, 6, 7, 8, 95, 10, 11, 12, 13, 14, 15, 16, 17, 18, 19, 20, 21, 22, 23, 24, 25, 26, 27, 28, 29, 30, 31, 32, 33, 34, 35, 36, 37, 38, 39, 40, 68, 42, 43, 44, 45, 46, 47, 48, 49, 50, 51, 52, 53, 54, 55, 56, 57, 58, 59, 60, 61, 62, 63, 64, 65, 66, 41, 9, 69, 70, 71, 72, 73, 74, 75, 76, 77, 78, 79, 80, 81, 82, 83, 84, 85, 86, 87, 88, 89, 90, 91, 92, 93, 94, 96, 67, 1, 2, 3, 4, 5, 6, 7, 8, 9, 76, 11, 12, 13, 14, 15, 16, 17, 18, 19, 20, 21, 22, 23, 24, 25, 26, 27, 28, 29, 30, 31, 32, 33, 34, 35, 36, 37, 38, 39, 40, 41, 42, 43, 44, 48, 87, 47, 96, 49, 50, 51, 52, 53, 54, 55, 56, 57, 58, 59, 60, 61, 62, 63, 64, 65, 66, 67, 68, 69, 70, 71, 72, 73, 74, 75, 46, 77, 78, 79, 80, 81, 82, 83, 84, 85, 86, 45, 88, 10, 90, 91, 92, 93, 94, 95, 89, 1, 2, 3, 4, 5, 6, 7, 8, 9, 10, 29, 12, 13, 14, 15, 16, 17, 18, 19, 20, 21, 22, 23, 24, 25, 26, 27, 28, 77, 30, 31, 32, 33, 34, 35, 36, 37, 38, 39, 40, 41, 42, 43, 54, 45, 46, 47, 48, 49, 50, 51, 52, 53, 11, 55, 56, 57, 58, 59, 60, 61, 62, 63, 64, 65, 66, 67, 68, 69, 70, 71, 72, 73, 74, 75, 76, 96, 78, 79, 80, 81, 82, 44, 84, 85, 86, 87, 88, 89, 90, 91, 92, 93, 94, 95, 83, 1, 2, 3, 4, 5, 6, 7, 8, 9, 10, 11, 90, 13, 14, 15, 16, 17, 18, 19, 20, 21, 22, 23, 24, 25, 26, 27, 28, 29, 30, 31, 32, 33, 34, 35, 36, 37, 38, 39, 40, 41, 42, 43, 44, 45, 46, 47, 48, 49, 50, 51, 52, 53, 54, 55, 96, 57, 58, 59, 60, 61, 62, 63, 64, 65, 12, 67, 68, 69, 70, 71, 72, 73, 74, 88, 76, 77, 78, 79, 80, 81, 56, 83, 84, 82, 86, 87, 92, 89, 85, 91, 66, 93, 94, 95, 75, 1, 2, 3, 4, 5, 6, 7, 8, 9, 10, 11, 12, 50, 14, 15, 16, 17, 18, 19, 20, 21, 22, 23, 24, 25, 26, 27, 28, 29, 30, 31, 32, 33, 34, 35, 36, 37, 38, 39, 40, 41, 42, 43, 44, 45, 46, 47, 48, 49, 96, 51, 52, 53, 54, 55, 56, 57, 58, 59, 60, 61, 62, 63, 64, 65, 66, 67, 68, 69, 13, 71, 72, 73, 74, 75, 76, 77, 78, 79, 80, 81, 82, 83, 84, 85, 86, 87, 88, 89, 90, 91, 92, 93, 94, 95, 70, 1, 2, 3, 4, 5, 6, 7, 8, 9, 10, 11, 12, 13, 69, 15, 16, 17, 18, 19, 20, 21, 22, 23, 24, 25, 26, 27, 28, 29, 30, 31, 32, 33, 34, 35, 36, 37, 38, 39, 40, 41, 42, 43, 44, 45, 46, 14, 48, 49, 50, 51, 52, 53, 54, 55, 56, 57, 58, 59, 60, 61, 62, 63, 64, 65, 66, 67, 68, 96, 70, 71, 72, 73, 74, 75, 76, 77, 78, 79, 80, 81, 82, 83, 84, 85, 86, 87, 88, 89, 90, 91, 92, 93, 94, 95, 47, 1, 2, 3, 4, 5, 6, 7, 8, 9, 10, 11, 12, 13, 14, 15, 16, 33, 18, 19, 20, 21, 22, 23, 24, 25, 26, 27, 28, 29, 30, 31, 32, 96, 34, 35, 36, 37, 38, 39, 40, 41, 42, 43, 44, 45, 46, 47, 48, 49, 50, 51, 17, 53, 54, 55, 56, 57, 58, 59, 60, 61, 62, 63, 64, 65, 66, 67, 68, 69, 70, 71, 72, 73, 74, 75, 76, 77, 78, 79, 80, 81, 82, 83, 84, 85, 86, 87, 88, 89, 90, 91, 92, 93, 94, 95, 52, 1, 2, 3, 4, 5, 6, 7, 8, 9, 10, 11, 12, 13, 14, 15, 16, 17, 53, 19, 20, 21, 22, 23, 24, 25, 26, 27, 28, 29, 30, 31, 32, 33, 34, 35, 36, 37, 38, 39, 40, 41, 42, 43, 44, 45, 46, 47, 48, 49, 50, 51, 52, 96, 54, 55, 56, 57, 58, 59, 60, 61, 18, 63, 64, 65, 66, 67, 68, 69, 70, 71, 72, 73, 74, 75, 76, 77, 78, 79, 80, 81, 82, 83, 84, 85, 86, 87, 88, 89, 90, 91, 92, 93, 94, 95, 62, 1, 2, 3, 4, 5, 6, 7, 8, 9, 10, 11, 12, 13, 14, 15, 16, 17, 18, 81, 20, 21, 22, 23, 24, 25, 26, 27, 28, 29, 30, 31, 32, 33, 34, 35, 36, 37, 38, 39, 40, 41, 42, 43, 44, 45, 46, 47, 48, 49, 50, 51, 52, 53, 54, 55, 56, 57, 58, 59, 60, 61, 62, 63, 19, 65, 66, 67, 68, 69, 70, 71, 72, 73, 74, 75, 76, 77, 78, 79, 80, 96, 82, 83, 84, 85, 86, 87, 88, 89, 90, 91, 92, 93, 94, 95, 64, 1, 2, 3, 4, 5, 6, 7, 8, 9, 10, 11, 12, 13, 14, 15, 16, 17, 18, 19, 51, 21, 22, 23, 24, 25, 26, 27, 28, 29, 30, 20, 32, 33, 34, 35, 36, 37, 38, 39, 40, 41, 42, 43, 44, 45, 46, 47, 48, 49, 50, 96, 52, 53, 54, 55, 56, 57, 58, 59, 60, 61, 62, 63, 64, 65, 66, 67, 68, 69, 70, 71, 72, 73, 74, 75, 76, 77, 78, 79, 80, 81, 82, 83, 84, 85, 86, 87, 88, 89, 90, 91, 92, 93, 94, 95, 31, 1, 2, 3, 4, 5, 6, 7, 8, 9, 10, 11, 12, 13, 14, 15, 16, 17, 18, 19, 20, 61, 22, 23, 24, 25, 26, 27, 28, 29, 30, 31, 32, 33, 34, 35, 36, 37, 38, 39, 40, 41, 42, 43, 44, 45, 46, 47, 48, 49, 50, 51, 52, 53, 54, 55, 56, 57, 58, 59, 60, 96, 62, 63, 64, 65, 66, 67, 68, 69, 70, 71, 72, 73, 74, 75, 76, 77, 78, 21, 80, 81, 82, 83, 84, 85, 86, 87, 88, 89, 90, 91, 92, 93, 94, 95, 79, 1, 2, 3, 4, 5, 6, 7, 8, 9, 10, 11, 12, 13, 14, 15, 16, 17, 18, 19, 20, 21, 24, 23, 96, 25, 26, 27, 28, 29, 30, 31, 32, 33, 34, 35, 36, 37, 38, 39, 40, 41, 42, 43, 44, 45, 46, 47, 48, 49, 50, 51, 52, 53, 54, 55, 56, 57, 58, 59, 60, 61, 62, 63, 64, 65, 66, 67, 68, 69, 70, 71, 72, 73, 74, 75, 76, 77, 22, 79, 80, 81, 82, 83, 84, 85, 86, 87, 88, 89, 90, 91, 92, 93, 94, 95, 78]
Num_visit = [2, 5, 2, 2, 5, 5, 4, 4, 4, 2, 4, 5, 2, 2, 6, 1, 2, 2, 2, 2, 2, 2, 1, 3, 1, 4, 3, 4, 5, 3, 1, 4, 3, 3, 1, 3, 1, 2, 2, 2, 2, 4, 5, 2, 6, 4, 1, 7, 5, 3, 3, 1, 3, 3, 5, 9, 3, 3, 6, 4, 3, 1, 7, 1, 2, 4, 1, 3, 3, 1, 3, 5, 2, 1, 1, 3, 6, 1, 1, 4, 3, 8, 1, 5, 7, 1, 5, 2, 1, 6, 3, 3, 6, 1, 5]
Maximum Distance = 783
----------
Finished in 301 seconds

Running inst13.dzn
Successor = [32, 15, 3, 4, 5, 26, 7, 8, 17, 10, 11, 42, 13, 14, 24, 16, 43, 30, 19, 20, 6, 22, 38, 1, 25, 18, 27, 28, 29, 12, 31, 23, 33, 34, 35, 36, 37, 40, 39, 21, 41, 46, 48, 44, 45, 9, 47, 2, 1, 2, 5, 4, 29, 6, 44, 8, 9, 35, 11, 12, 22, 14, 15, 16, 17, 18, 47, 20, 21, 25, 23, 24, 3, 26, 27, 28, 7, 30, 31, 32, 33, 34, 19, 36, 37, 38, 39, 40, 41, 42, 43, 48, 10, 46, 13, 45, 1, 2, 3, 14, 5, 6, 7, 28, 9, 10, 34, 12, 13, 41, 15, 37, 17, 18, 19, 31, 21, 22, 23, 24, 25, 26, 16, 20, 29, 30, 39, 32, 27, 4, 35, 11, 48, 38, 33, 40, 8, 42, 43, 44, 45, 46, 47, 36]
Num_visit = [4, 1, 9, 4, 10, 10, 12, 7, 17, 2, 2, 14, 6, 5, 2, 14, 18, 12, 4, 9, 9, 7, 6, 3, 8, 11, 13, 8, 11, 13, 10, 5, 12, 3, 3, 1, 15, 7, 11, 8, 6, 15, 19, 13, 1, 16, 5]
Maximum Distance = 1254
----------
Finished in 300 seconds

Running inst14.dzn
=====UNKNOWN=====
Finished in 302 seconds

Running inst15.dzn
=====UNKNOWN=====
Finished in 303 seconds

Running inst16.dzn
Successor = [25, 2, 3, 4, 5, 6, 7, 8, 9, 10, 11, 12, 13, 14, 15, 16, 17, 18, 19, 20, 21, 22, 23, 24, 48, 26, 27, 28, 29, 30, 31, 32, 33, 1, 35, 36, 37, 38, 39, 40, 41, 42, 43, 44, 45, 46, 47, 34, 1, 7, 3, 4, 5, 6, 48, 8, 9, 10, 11, 12, 13, 14, 15, 16, 17, 18, 19, 20, 21, 22, 23, 24, 25, 26, 27, 28, 29, 30, 31, 32, 33, 34, 35, 36, 37, 38, 39, 40, 41, 42, 43, 44, 45, 2, 47, 46, 1, 2, 19, 4, 5, 6, 7, 8, 3, 10, 11, 12, 13, 14, 15, 16, 17, 18, 48, 20, 21, 22, 23, 24, 25, 26, 27, 28, 29, 30, 31, 32, 33, 34, 35, 36, 37, 38, 39, 40, 41, 42, 43, 44, 45, 46, 47, 9, 1, 2, 3, 13, 5, 6, 7, 8, 9, 10, 11, 12, 48, 4, 15, 16, 17, 18, 19, 20, 21, 22, 23, 24, 25, 26, 27, 28, 29, 30, 31, 32, 33, 34, 35, 36, 37, 38, 39, 40, 41, 42, 43, 44, 45, 46, 47, 14, 1, 2, 3, 4, 32, 6, 7, 8, 9, 10, 11, 12, 13, 14, 5, 16, 17, 18, 19, 20, 21, 22, 23, 24, 25, 26, 27, 28, 29, 30, 31, 48, 33, 34, 35, 36, 37, 38, 39, 40, 41, 42, 43, 44, 45, 46, 47, 15, 1, 2, 3, 4, 5, 21, 7, 8, 9, 10, 11, 12, 13, 14, 15, 16, 17, 6, 19, 20, 48, 22, 23, 24, 25, 26, 27, 28, 29, 30, 31, 32, 33, 34, 35, 36, 37, 38, 39, 40, 41, 42, 43, 44, 45, 46, 47, 18, 1, 2, 3, 4, 5, 6, 7, 22, 9, 10, 11, 12, 13, 14, 15, 8, 17, 18, 19, 20, 21, 48, 23, 24, 25, 26, 27, 28, 29, 30, 31, 32, 33, 34, 35, 36, 37, 38, 39, 40, 41, 42, 43, 44, 45, 46, 47, 16, 1, 2, 3, 4, 5, 6, 7, 8, 9, 39, 11, 12, 13, 14, 15, 16, 17, 18, 19, 20, 21, 22, 23, 24, 25, 26, 27, 28, 29, 10, 31, 32, 33, 34, 35, 36, 37, 38, 48, 40, 41, 42, 43, 44, 45, 46, 47, 30, 1, 2, 3, 4, 5, 6, 7, 8, 9, 10, 47, 12, 13, 14, 15, 16, 17, 18, 19, 20, 21, 22, 23, 24, 25, 26, 27, 11, 29, 30, 31, 32, 33, 34, 35, 36, 37, 38, 39, 40, 41, 42, 43, 44, 45, 46, 48, 28, 1, 2, 3, 4, 5, 6, 7, 8, 9, 10, 11, 38, 13, 14, 15, 16, 45, 18, 19, 20, 21, 22, 23, 24, 25, 26, 27, 28, 29, 30, 31, 32, 33, 34, 35, 36, 37, 17, 39, 40, 41, 42, 43, 44, 48, 46, 47, 12, 1, 2, 3, 4, 5, 6, 7, 8, 9, 10, 11, 12, 13, 14, 15, 16, 17, 18, 19, 23, 21, 22, 48, 24, 25, 26, 27, 28, 29, 30, 31, 32, 33, 34, 35, 36, 37, 38, 39, 40, 41, 20, 43, 44, 45, 46, 47, 42, 1, 2, 3, 4, 5, 6, 7, 8, 9, 10, 11, 12, 13, 14, 15, 16, 17, 18, 19, 20, 21, 22, 23, 31, 25, 29, 27, 28, 48, 30, 26, 32, 33, 34, 35, 36, 37, 38, 39, 40, 41, 42, 43, 44, 45, 46, 47, 24, 1, 2, 3, 4, 5, 6, 7, 8, 9, 10, 11, 12, 13, 14, 15, 16, 17, 18, 19, 20, 21, 22, 23, 24, 25, 26, 43, 28, 29, 30, 31, 32, 33, 34, 27, 36, 37, 38, 39, 40, 41, 42, 48, 44, 45, 46, 47, 35, 1, 2, 3, 4, 5, 6, 7, 8, 9, 10, 11, 12, 13, 14, 15, 16, 17, 18, 19, 20, 21, 22, 23, 24, 25, 26, 27, 28, 29, 30, 31, 32, 40, 34, 35, 36, 37, 38, 39, 48, 33, 42, 43, 44, 45, 46, 47, 41, 1, 2, 3, 4, 5, 6, 7, 8, 9, 10, 11, 12, 13, 14, 15, 16, 17, 18, 19, 20, 21, 22, 23, 24, 25, 26, 27, 28, 29, 30, 31, 32, 33, 34, 35, 44, 36, 38, 39, 40, 41, 42, 43, 48, 45, 46, 47, 37, 1, 2, 3, 4, 5, 6, 7, 8, 9, 10, 11, 12, 13, 14, 15, 16, 17, 18, 19, 20, 21, 22, 23, 24, 25, 26, 27, 28, 29, 30, 31, 32, 33, 34, 35, 36, 37, 38, 39, 40, 41, 42, 43, 44, 45, 46, 47, 48, 1, 2, 3, 4, 5, 6, 7, 8, 9, 10, 11, 12, 13, 14, 15, 16, 17, 18, 19, 20, 21, 22, 23, 24, 25, 26, 27, 28, 29, 30, 31, 32, 33, 34, 35, 36, 37, 38, 39, 40, 41, 42, 43, 44, 45, 46, 47, 48, 1, 2, 3, 4, 5, 6, 7, 8, 9, 10, 11, 12, 13, 14, 15, 16, 17, 18, 19, 20, 21, 22, 23, 24, 25, 26, 27, 28, 29, 30, 31, 32, 33, 34, 35, 36, 37, 38, 39, 40, 41, 42, 43, 44, 45, 46, 47, 48, 1, 2, 3, 4, 5, 6, 7, 8, 9, 10, 11, 12, 13, 14, 15, 16, 17, 18, 19, 20, 21, 22, 23, 24, 25, 26, 27, 28, 29, 30, 31, 32, 33, 34, 35, 36, 37, 38, 39, 40, 41, 42, 43, 44, 45, 46, 47, 48, 1, 2, 3, 4, 5, 6, 7, 8, 9, 10, 11, 12, 13, 14, 15, 16, 17, 18, 19, 20, 21, 22, 23, 24, 25, 26, 27, 28, 29, 30, 31, 32, 33, 34, 35, 36, 37, 38, 39, 40, 41, 42, 43, 44, 45, 46, 47, 48]
Num_visit = [2, 2, 2, 2, 2, 2, 3, 2, 1, 2, 2, 1, 3, 1, 1, 1, 3, 1, 3, 2, 3, 3, 3, 1, 3, 3, 2, 1, 4, 1, 2, 3, 2, 1, 1, 2, 1, 2, 3, 3, 1, 1, 3, 3, 4, 1, 3]
Maximum Distance = 398
----------
Finished in 300 seconds

Running inst17.dzn
=====UNKNOWN=====
Finished in 303 seconds

Running inst18.dzn
=====UNKNOWN=====
Finished in 302 seconds

Running inst19.dzn
Successor = [50, 2, 3, 4, 5, 6, 7, 8, 9, 10, 11, 12, 13, 14, 15, 16, 17, 18, 19, 20, 21, 22, 23, 24, 25, 26, 27, 28, 29, 30, 31, 32, 33, 34, 35, 36, 37, 38, 39, 40, 41, 42, 43, 44, 45, 69, 47, 48, 49, 46, 51, 52, 53, 54, 55, 56, 57, 1, 59, 60, 61, 62, 63, 64, 65, 66, 67, 68, 72, 70, 71, 58, 1, 26, 3, 4, 5, 6, 7, 8, 9, 10, 11, 12, 13, 14, 15, 16, 17, 18, 19, 20, 21, 22, 23, 24, 25, 52, 27, 28, 29, 30, 31, 2, 33, 34, 35, 36, 37, 38, 39, 40, 41, 42, 43, 44, 45, 46, 72, 48, 49, 50, 51, 47, 53, 54, 55, 56, 57, 58, 59, 60, 61, 62, 63, 64, 65, 66, 67, 68, 69, 70, 71, 32, 1, 2, 38, 4, 5, 6, 7, 8, 9, 10, 11, 12, 13, 14, 15, 16, 17, 18, 19, 20, 21, 22, 23, 24, 25, 26, 27, 28, 29, 30, 31, 32, 33, 34, 35, 36, 37, 72, 39, 40, 41, 42, 43, 44, 45, 46, 47, 48, 49, 50, 51, 52, 53, 54, 55, 56, 57, 58, 59, 60, 61, 62, 63, 64, 70, 71, 67, 68, 69, 3, 65, 66, 1, 2, 3, 43, 5, 6, 7, 8, 9, 10, 11, 12, 13, 14, 15, 16, 17, 18, 19, 20, 21, 22, 23, 24, 25, 26, 27, 28, 29, 30, 31, 32, 33, 34, 35, 36, 37, 38, 39, 40, 41, 42, 48, 44, 45, 46, 47, 72, 49, 50, 51, 52, 53, 54, 55, 56, 57, 58, 4, 60, 61, 62, 63, 64, 65, 66, 67, 68, 69, 70, 71, 59, 1, 2, 3, 4, 57, 6, 7, 8, 9, 10, 11, 12, 13, 14, 15, 16, 17, 18, 19, 20, 21, 22, 23, 24, 25, 26, 27, 28, 29, 5, 31, 32, 33, 34, 35, 36, 37, 38, 39, 40, 41, 42, 43, 44, 45, 46, 47, 48, 49, 50, 51, 52, 53, 54, 55, 56, 67, 58, 59, 60, 61, 62, 63, 64, 65, 66, 72, 68, 69, 70, 71, 30, 1, 2, 3, 4, 5, 22, 7, 8, 9, 10, 11, 12, 13, 14, 15, 16, 17, 18, 19, 20, 21, 72, 23, 24, 25, 26, 27, 28, 29, 30, 31, 32, 33, 34, 35, 36, 37, 38, 39, 40, 41, 42, 43, 44, 45, 46, 47, 48, 49, 50, 51, 52, 53, 54, 55, 56, 57, 58, 59, 60, 61, 62, 63, 6, 65, 66, 67, 68, 69, 70, 71, 64, 1, 2, 3, 4, 5, 6, 49, 8, 9, 10, 11, 12, 13, 14, 15, 16, 17, 18, 19, 20, 21, 22, 23, 24, 25, 26, 27, 28, 29, 30, 31, 32, 33, 34, 7, 36, 37, 38, 39, 40, 41, 42, 43, 44, 45, 46, 47, 48, 72, 50, 51, 52, 53, 54, 55, 56, 57, 58, 59, 60, 61, 62, 63, 64, 65, 66, 67, 68, 69, 70, 71, 35, 1, 2, 3, 4, 5, 6, 7, 28, 9, 10, 11, 12, 13, 14, 15, 16, 17, 18, 19, 20, 21, 22, 23, 24, 25, 26, 27, 72, 29, 30, 31, 32, 33, 34, 35, 36, 37, 38, 39, 40, 41, 42, 43, 44, 45, 46, 47, 48, 49, 50, 51, 52, 53, 54, 55, 56, 57, 58, 59, 60, 61, 62, 63, 64, 65, 66, 67, 8, 69, 70, 71, 68, 1, 2, 3, 4, 5, 6, 7, 8, 61, 10, 11, 12, 13, 14, 15, 16, 17, 18, 19, 20, 21, 22, 23, 24, 25, 26, 27, 28, 29, 30, 31, 32, 9, 34, 35, 36, 37, 38, 39, 40, 41, 42, 43, 44, 45, 46, 47, 48, 49, 50, 51, 52, 53, 54, 55, 56, 57, 58, 59, 60, 72, 62, 63, 64, 65, 66, 67, 68, 69, 70, 71, 33, 1, 2, 3, 4, 5, 6, 7, 8, 9, 42, 10, 12, 13, 14, 15, 16, 17, 18, 19, 20, 21, 22, 23, 24, 25, 26, 27, 28, 29, 30, 31, 32, 33, 34, 35, 36, 37, 38, 39, 40, 41, 72, 43, 44, 45, 46, 47, 48, 49, 50, 51, 52, 53, 54, 55, 56, 57, 58, 59, 60, 61, 62, 63, 64, 65, 66, 67, 68, 69, 70, 71, 11, 1, 2, 3, 4, 5, 6, 7, 8, 9, 10, 11, 41, 13, 14, 15, 12, 17, 18, 19, 20, 21, 22, 23, 24, 25, 26, 27, 28, 29, 30, 31, 32, 33, 34, 35, 36, 37, 38, 39, 40, 72, 42, 43, 44, 45, 46, 47, 48, 49, 50, 51, 52, 53, 54, 55, 56, 57, 58, 59, 60, 61, 62, 63, 64, 65, 66, 67, 68, 69, 70, 71, 16, 1, 2, 3, 4, 5, 6, 7, 8, 9, 10, 11, 12, 20, 14, 15, 16, 17, 18, 19, 72, 21, 22, 23, 24, 25, 26, 27, 28, 29, 30, 31, 32, 33, 34, 35, 36, 13, 38, 39, 40, 41, 42, 43, 44, 45, 46, 47, 48, 49, 50, 51, 52, 53, 54, 55, 56, 57, 58, 59, 60, 61, 62, 63, 64, 65, 66, 67, 68, 69, 70, 71, 37, 1, 2, 3, 4, 5, 6, 7, 8, 9, 10, 11, 12, 13, 56, 15, 16, 17, 18, 19, 20, 21, 22, 23, 24, 25, 26, 27, 28, 29, 30, 31, 32, 33, 34, 35, 36, 37, 38, 39, 14, 41, 42, 43, 44, 45, 46, 47, 48, 49, 50, 51, 52, 53, 54, 55, 72, 57, 58, 59, 60, 61, 62, 63, 64, 65, 66, 67, 68, 69, 70, 71, 40, 1, 2, 3, 4, 5, 6, 7, 8, 9, 10, 11, 12, 13, 14, 36, 16, 17, 18, 19, 20, 21, 22, 23, 24, 25, 26, 27, 28, 29, 30, 31, 32, 33, 34, 35, 72, 37, 38, 39, 40, 41, 42, 43, 44, 45, 46, 47, 48, 49, 50, 51, 52, 53, 54, 15, 56, 57, 58, 59, 60, 61, 62, 63, 64, 65, 66, 67, 68, 69, 70, 71, 55, 1, 2, 3, 4, 5, 6, 7, 8, 9, 10, 11, 12, 13, 14, 15, 16, 60, 18, 19, 20, 21, 22, 23, 24, 25, 26, 27, 28, 29, 30, 31, 32, 33, 34, 35, 36, 37, 38, 39, 40, 41, 42, 43, 44, 45, 46, 47, 48, 49, 50, 17, 52, 53, 54, 55, 56, 57, 58, 59, 72, 61, 62, 63, 64, 65, 66, 67, 68, 69, 70, 71, 51, 1, 2, 3, 4, 5, 6, 7, 8, 9, 10, 11, 12, 13, 14, 15, 16, 17, 25, 19, 20, 21, 22, 23, 24, 72, 26, 27, 28, 29, 30, 31, 32, 33, 34, 35, 36, 37, 38, 39, 40, 41, 42, 43, 44, 45, 46, 47, 48, 49, 50, 51, 52, 53, 54, 55, 56, 57, 58, 59, 60, 61, 62, 18, 64, 65, 66, 67, 68, 69, 70, 71, 63, 1, 2, 3, 4, 5, 6, 7, 8, 9, 10, 11, 12, 13, 14, 15, 16, 17, 18, 39, 20, 21, 22, 23, 24, 25, 26, 27, 28, 29, 30, 31, 32, 33, 34, 35, 36, 37, 38, 72, 40, 41, 42, 43, 19, 45, 46, 47, 48, 49, 50, 51, 52, 53, 54, 55, 56, 57, 58, 59, 60, 61, 62, 63, 64, 65, 66, 67, 68, 69, 70, 71, 44, 1, 2, 3, 4, 5, 6, 7, 8, 9, 10, 11, 12, 13, 14, 15, 16, 17, 18, 19, 20, 45, 22, 23, 24, 25, 26, 27, 28, 29, 30, 31, 32, 33, 34, 35, 36, 37, 38, 39, 40, 41, 42, 43, 44, 72, 46, 47, 48, 49, 50, 51, 52, 53, 21, 55, 56, 57, 58, 59, 60, 61, 62, 63, 64, 65, 66, 67, 68, 69, 70, 71, 54, 1, 2, 3, 4, 5, 6, 7, 8, 9, 10, 11, 12, 13, 14, 15, 16, 17, 18, 19, 20, 21, 22, 29, 24, 25, 26, 27, 28, 72, 30, 31, 32, 33, 23, 35, 36, 37, 38, 39, 40, 41, 42, 43, 44, 45, 46, 47, 48, 49, 50, 51, 52, 53, 54, 55, 56, 57, 58, 59, 60, 61, 62, 63, 64, 65, 66, 67, 68, 69, 70, 71, 34, 1, 2, 3, 4, 5, 6, 7, 8, 9, 10, 11, 12, 13, 14, 15, 16, 17, 18, 19, 20, 21, 22, 23, 53, 25, 26, 72, 28, 29, 30, 62, 32, 33, 34, 35, 36, 37, 38, 39, 40, 41, 42, 43, 44, 45, 46, 47, 48, 49, 50, 51, 52, 31, 54, 55, 56, 57, 58, 59, 60, 61, 27, 63, 64, 65, 66, 67, 68, 69, 70, 71, 24]
Num_visit = [2, 2, 5, 2, 2, 2, 2, 2, 2, 2, 1, 2, 2, 2, 2, 1, 2, 2, 2, 3, 2, 3, 2, 1, 3, 3, 5, 3, 3, 1, 3, 1, 1, 1, 1, 3, 1, 6, 3, 1, 3, 3, 3, 1, 3, 4, 5, 4, 3, 3, 1, 4, 2, 1, 1, 3, 3, 1, 1, 3, 3, 4, 1, 1, 3, 1, 4, 1, 5, 4, 2]
Maximum Distance = 580
----------
Finished in 301 seconds

Running inst20.dzn
=====UNKNOWN=====
Finished in 303 seconds

Running inst21.dzn
Successor = [80, 2, 3, 4, 5, 6, 7, 8, 9, 10, 11, 12, 13, 14, 15, 16, 17, 18, 19, 20, 21, 22, 23, 24, 25, 26, 131, 28, 29, 30, 31, 32, 33, 34, 35, 36, 37, 38, 39, 134, 41, 42, 43, 44, 45, 46, 47, 48, 49, 50, 51, 52, 53, 54, 55, 56, 57, 87, 59, 60, 61, 62, 63, 64, 65, 66, 67, 68, 69, 70, 71, 72, 73, 74, 75, 76, 77, 78, 79, 144, 81, 82, 83, 84, 85, 86, 27, 88, 89, 90, 91, 92, 93, 94, 95, 96, 97, 98, 99, 100, 101, 102, 103, 104, 105, 106, 107, 108, 109, 110, 111, 112, 113, 114, 115, 116, 117, 118, 119, 120, 121, 122, 123, 124, 125, 126, 127, 128, 129, 130, 1, 132, 133, 58, 135, 136, 137, 138, 139, 140, 141, 142, 143, 40, 1, 83, 3, 4, 5, 6, 7, 8, 9, 10, 11, 12, 13, 14, 15, 16, 17, 18, 19, 20, 21, 22, 23, 24, 25, 26, 27, 142, 29, 30, 31, 32, 33, 34, 35, 36, 37, 38, 39, 40, 41, 42, 43, 44, 45, 46, 47, 48, 49, 50, 51, 52, 53, 54, 55, 56, 57, 58, 95, 60, 61, 62, 63, 64, 65, 66, 67, 68, 69, 70, 71, 72, 73, 74, 75, 76, 77, 78, 79, 80, 81, 82, 59, 84, 85, 86, 87, 88, 89, 90, 91, 92, 93, 94, 144, 96, 97, 98, 99, 100, 101, 102, 103, 104, 28, 106, 107, 108, 109, 110, 111, 112, 113, 114, 115, 116, 117, 118, 119, 120, 121, 122, 123, 124, 125, 126, 127, 128, 129, 130, 131, 132, 133, 134, 135, 136, 137, 138, 139, 140, 141, 2, 143, 105, 1, 2, 121, 4, 5, 6, 7, 8, 9, 10, 11, 12, 13, 14, 15, 102, 17, 18, 19, 20, 21, 22, 23, 24, 25, 26, 27, 28, 139, 30, 31, 32, 33, 34, 35, 36, 37, 38, 39, 40, 41, 42, 43, 44, 45, 46, 47, 48, 49, 50, 51, 52, 53, 54, 55, 56, 57, 58, 59, 60, 61, 62, 63, 64, 65, 81, 67, 68, 69, 70, 71, 72, 73, 74, 75, 76, 77, 78, 79, 80, 3, 82, 83, 84, 85, 86, 87, 88, 89, 90, 91, 92, 93, 94, 95, 96, 97, 98, 99, 100, 101, 66, 103, 104, 105, 106, 107, 108, 109, 110, 111, 112, 113, 114, 115, 116, 117, 118, 119, 120, 29, 122, 123, 124, 125, 126, 127, 128, 129, 130, 131, 132, 133, 134, 135, 136, 137, 138, 144, 140, 141, 142, 143, 16, 1, 2, 3, 36, 5, 6, 7, 8, 9, 10, 11, 12, 13, 14, 15, 16, 17, 18, 19, 20, 21, 22, 23, 24, 25, 26, 27, 28, 29, 30, 143, 32, 33, 34, 35, 113, 37, 38, 39, 40, 41, 42, 43, 44, 45, 46, 47, 48, 49, 50, 51, 52, 53, 54, 55, 56, 57, 58, 59, 60, 61, 62, 63, 64, 65, 66, 73, 68, 69, 70, 71, 72, 31, 74, 75, 76, 77, 78, 79, 80, 81, 82, 83, 84, 85, 86, 87, 88, 89, 90, 91, 92, 93, 94, 95, 96, 97, 98, 99, 100, 101, 102, 103, 104, 105, 106, 107, 108, 109, 110, 111, 112, 67, 114, 115, 116, 117, 118, 119, 120, 121, 122, 123, 124, 125, 126, 127, 128, 4, 130, 131, 132, 133, 134, 135, 136, 137, 138, 139, 140, 141, 142, 144, 129, 1, 2, 3, 4, 106, 6, 7, 8, 9, 10, 11, 12, 13, 14, 15, 16, 17, 18, 19, 20, 21, 22, 23, 24, 25, 26, 27, 28, 29, 30, 31, 84, 33, 34, 35, 36, 37, 38, 39, 40, 41, 42, 43, 44, 45, 46, 47, 48, 49, 50, 51, 52, 53, 54, 55, 56, 57, 58, 59, 60, 61, 62, 63, 64, 65, 66, 67, 94, 69, 70, 71, 72, 73, 74, 75, 76, 77, 78, 79, 80, 81, 82, 83, 144, 85, 86, 87, 88, 89, 90, 91, 92, 93, 5, 95, 96, 97, 98, 99, 100, 101, 102, 103, 104, 105, 32, 107, 108, 109, 110, 111, 112, 113, 114, 115, 116, 117, 118, 119, 120, 121, 122, 123, 124, 125, 126, 127, 68, 129, 130, 131, 132, 133, 134, 135, 136, 137, 138, 139, 140, 141, 142, 143, 128, 1, 2, 3, 4, 5, 26, 7, 8, 9, 10, 11, 12, 13, 14, 15, 16, 17, 18, 19, 20, 21, 22, 23, 24, 25, 111, 27, 28, 29, 30, 31, 32, 33, 92, 35, 36, 37, 38, 39, 40, 41, 42, 43, 44, 70, 46, 47, 48, 49, 50, 51, 52, 53, 54, 55, 56, 57, 58, 59, 60, 61, 62, 63, 64, 65, 66, 67, 68, 69, 6, 71, 72, 73, 74, 75, 101, 77, 110, 79, 80, 81, 133, 83, 84, 85, 86, 87, 88, 89, 90, 91, 123, 93, 94, 95, 96, 97, 98, 99, 100, 34, 102, 103, 104, 105, 106, 107, 108, 109, 144, 116, 112, 113, 114, 115, 76, 117, 118, 119, 120, 121, 122, 82, 124, 125, 126, 127, 128, 129, 130, 131, 132, 78, 134, 135, 136, 137, 138, 139, 140, 141, 142, 143, 45, 1, 2, 3, 4, 5, 6, 138, 8, 9, 10, 11, 12, 13, 14, 15, 16, 17, 18, 19, 20, 21, 22, 23, 24, 25, 26, 27, 28, 29, 30, 31, 32, 33, 34, 77, 36, 37, 38, 39, 40, 41, 42, 43, 44, 45, 46, 47, 48, 49, 50, 51, 52, 53, 54, 55, 56, 57, 58, 59, 60, 61, 62, 63, 64, 65, 66, 67, 68, 103, 70, 71, 72, 73, 74, 75, 76, 69, 78, 79, 80, 81, 82, 83, 84, 85, 86, 87, 35, 89, 90, 91, 92, 93, 94, 95, 96, 97, 98, 99, 100, 101, 102, 7, 104, 105, 106, 107, 108, 109, 110, 111, 112, 113, 114, 115, 116, 117, 118, 119, 120, 121, 122, 123, 124, 125, 126, 127, 128, 129, 130, 131, 132, 133, 134, 135, 136, 137, 144, 139, 140, 141, 142, 143, 88, 1, 2, 3, 4, 5, 6, 7, 100, 9, 10, 11, 12, 13, 14, 15, 16, 17, 18, 19, 20, 21, 22, 23, 24, 25, 26, 27, 28, 29, 30, 31, 32, 33, 34, 35, 36, 37, 118, 39, 40, 41, 42, 43, 44, 45, 46, 47, 48, 49, 50, 51, 52, 53, 54, 55, 56, 57, 58, 59, 60, 61, 62, 63, 64, 65, 66, 67, 68, 69, 70, 71, 86, 73, 74, 75, 76, 77, 78, 79, 80, 81, 82, 83, 84, 112, 38, 87, 88, 89, 90, 91, 92, 93, 94, 95, 96, 97, 98, 99, 144, 101, 102, 103, 104, 105, 106, 107, 108, 109, 110, 111, 8, 113, 114, 115, 116, 117, 85, 119, 120, 121, 122, 123, 124, 125, 126, 127, 128, 129, 130, 131, 132, 133, 134, 135, 136, 137, 138, 139, 140, 141, 142, 143, 72, 1, 2, 3, 4, 5, 6, 7, 8, 90, 10, 11, 12, 13, 14, 15, 16, 17, 18, 19, 20, 21, 22, 23, 24, 25, 26, 27, 28, 29, 30, 31, 32, 33, 34, 35, 36, 37, 38, 140, 40, 41, 42, 43, 44, 45, 46, 47, 48, 49, 50, 51, 52, 53, 54, 55, 56, 57, 58, 59, 60, 61, 62, 63, 64, 65, 66, 67, 68, 69, 70, 71, 72, 73, 74, 75, 76, 77, 78, 79, 80, 81, 82, 83, 84, 85, 86, 87, 88, 89, 144, 91, 92, 97, 94, 95, 96, 9, 98, 141, 100, 101, 102, 103, 104, 105, 106, 107, 93, 127, 110, 111, 112, 113, 114, 115, 116, 117, 118, 119, 120, 121, 122, 123, 124, 125, 126, 108, 128, 129, 130, 131, 132, 133, 134, 135, 109, 137, 138, 139, 136, 39, 142, 143, 99, 1, 2, 3, 4, 5, 6, 7, 8, 9, 21, 11, 12, 13, 14, 15, 16, 17, 18, 19, 20, 117, 22, 23, 24, 25, 26, 27, 28, 29, 30, 31, 32, 33, 34, 35, 36, 37, 38, 39, 40, 114, 42, 43, 44, 45, 46, 47, 48, 49, 50, 51, 52, 53, 54, 55, 56, 57, 58, 59, 60, 61, 62, 63, 64, 65, 66, 67, 68, 69, 70, 71, 72, 73, 74, 75, 76, 77, 78, 79, 80, 81, 82, 83, 84, 85, 86, 87, 88, 89, 90, 91, 92, 93, 94, 95, 96, 97, 98, 99, 100, 101, 102, 103, 104, 105, 106, 107, 108, 109, 110, 111, 112, 113, 144, 10, 116, 41, 118, 119, 120, 121, 122, 123, 124, 125, 126, 127, 128, 129, 130, 131, 132, 133, 134, 135, 136, 137, 138, 139, 140, 141, 142, 143, 115, 1, 2, 3, 4, 5, 6, 7, 8, 9, 10, 53, 12, 13, 14, 15, 16, 17, 18, 19, 20, 21, 22, 23, 24, 25, 26, 27, 28, 29, 30, 31, 32, 33, 34, 35, 36, 37, 38, 39, 40, 41, 11, 130, 44, 45, 46, 47, 48, 49, 50, 51, 52, 144, 54, 55, 56, 57, 58, 59, 60, 61, 62, 63, 64, 65, 66, 67, 68, 69, 70, 71, 72, 73, 74, 75, 76, 77, 78, 79, 80, 81, 82, 83, 84, 85, 86, 87, 88, 89, 90, 91, 92, 93, 94, 95, 96, 97, 98, 99, 100, 101, 102, 103, 104, 105, 106, 107, 108, 109, 110, 111, 112, 113, 114, 115, 116, 117, 118, 119, 120, 121, 122, 123, 43, 125, 126, 127, 128, 129, 42, 131, 132, 133, 134, 135, 136, 137, 138, 139, 140, 141, 142, 143, 124, 1, 2, 3, 4, 5, 6, 7, 8, 9, 10, 11, 47, 13, 14, 15, 16, 17, 18, 19, 20, 21, 22, 23, 24, 25, 26, 27, 28, 29, 30, 31, 32, 33, 34, 35, 36, 37, 38, 39, 40, 41, 42, 43, 98, 45, 46, 44, 48, 49, 50, 51, 52, 53, 54, 55, 56, 57, 58, 59, 60, 12, 62, 63, 64, 65, 66, 67, 68, 69, 70, 71, 72, 73, 74, 75, 76, 77, 78, 79, 80, 81, 82, 83, 84, 85, 86, 87, 88, 89, 90, 91, 92, 93, 94, 95, 96, 97, 144, 99, 100, 101, 102, 103, 104, 105, 106, 107, 108, 109, 110, 111, 112, 113, 114, 115, 116, 117, 118, 119, 120, 121, 122, 123, 124, 125, 126, 127, 128, 129, 130, 131, 132, 133, 134, 135, 136, 137, 138, 139, 140, 141, 142, 143, 61, 1, 2, 3, 4, 5, 6, 7, 8, 9, 10, 11, 12, 74, 14, 15, 16, 17, 18, 19, 20, 21, 22, 23, 24, 25, 26, 27, 28, 29, 30, 31, 32, 33, 34, 35, 36, 37, 38, 39, 40, 41, 42, 43, 44, 45, 96, 47, 48, 49, 50, 51, 52, 53, 54, 55, 56, 57, 58, 59, 60, 61, 62, 63, 64, 65, 66, 67, 68, 69, 70, 71, 72, 73, 46, 75, 76, 77, 78, 79, 80, 81, 82, 83, 84, 85, 86, 87, 88, 89, 90, 91, 92, 93, 94, 95, 144, 97, 98, 99, 100, 101, 102, 103, 104, 105, 106, 107, 108, 109, 110, 111, 112, 113, 114, 115, 116, 117, 118, 119, 120, 121, 122, 123, 124, 13, 126, 127, 128, 129, 130, 131, 132, 133, 134, 135, 136, 137, 138, 139, 140, 141, 142, 143, 125, 1, 2, 3, 4, 5, 6, 7, 8, 9, 10, 11, 12, 13, 20, 15, 16, 17, 18, 19, 91, 21, 22, 23, 24, 25, 26, 27, 28, 29, 30, 31, 32, 60, 34, 35, 36, 37, 38, 39, 40, 41, 42, 43, 44, 45, 46, 47, 75, 49, 50, 51, 52, 53, 54, 55, 56, 57, 58, 59, 14, 61, 62, 63, 64, 65, 66, 67, 68, 69, 70, 71, 72, 73, 74, 144, 76, 77, 78, 79, 80, 81, 82, 83, 84, 85, 86, 87, 88, 89, 90, 48, 92, 93, 94, 95, 96, 97, 98, 99, 100, 101, 102, 103, 104, 105, 106, 107, 108, 109, 110, 111, 112, 113, 114, 115, 116, 117, 118, 119, 120, 121, 122, 123, 124, 125, 126, 127, 128, 129, 130, 131, 132, 133, 134, 135, 136, 137, 138, 139, 140, 141, 142, 143, 33, 1, 2, 3, 4, 5, 6, 7, 8, 9, 10, 11, 12, 13, 14, 79, 16, 17, 18, 19, 20, 21, 22, 23, 24, 25, 26, 27, 28, 29, 30, 31, 32, 33, 34, 35, 36, 37, 38, 39, 40, 41, 42, 43, 44, 45, 46, 47, 48, 135, 50, 51, 52, 53, 54, 55, 56, 57, 58, 59, 60, 61, 62, 63, 64, 65, 66, 67, 68, 69, 70, 71, 72, 73, 74, 75, 76, 77, 78, 49, 80, 81, 82, 83, 84, 85, 86, 87, 88, 89, 90, 91, 92, 93, 94, 95, 96, 97, 98, 99, 100, 101, 102, 103, 104, 105, 106, 107, 108, 109, 110, 111, 112, 113, 114, 115, 116, 117, 118, 15, 120, 121, 122, 123, 124, 125, 126, 127, 128, 129, 130, 131, 132, 133, 134, 144, 136, 137, 138, 139, 140, 141, 142, 143, 119, 1, 2, 3, 4, 5, 6, 7, 8, 9, 10, 11, 12, 13, 14, 15, 16, 25, 18, 19, 20, 21, 22, 23, 24, 137, 26, 27, 28, 29, 30, 31, 32, 33, 34, 35, 36, 37, 38, 39, 40, 41, 42, 43, 44, 45, 46, 47, 48, 49, 62, 51, 52, 53, 54, 55, 56, 57, 58, 59, 60, 61, 17, 63, 64, 65, 66, 67, 68, 69, 70, 71, 72, 73, 74, 75, 76, 77, 78, 79, 80, 81, 82, 83, 84, 85, 86, 87, 88, 89, 90, 91, 92, 93, 94, 95, 96, 97, 98, 99, 100, 101, 102, 103, 104, 105, 106, 107, 108, 109, 110, 111, 112, 113, 114, 115, 116, 117, 118, 119, 120, 121, 122, 123, 124, 125, 50, 127, 128, 129, 130, 131, 132, 133, 134, 135, 136, 144, 138, 139, 140, 141, 142, 143, 126, 1, 2, 3, 4, 5, 6, 7, 8, 9, 10, 11, 12, 13, 14, 15, 16, 17, 89, 19, 20, 21, 22, 23, 24, 25, 26, 27, 28, 29, 122, 31, 32, 33, 34, 35, 36, 37, 38, 39, 40, 41, 42, 43, 44, 45, 46, 47, 48, 49, 50, 54, 52, 53, 144, 55, 56, 57, 58, 59, 60, 61, 62, 63, 64, 65, 66, 67, 68, 69, 70, 71, 72, 73, 74, 75, 76, 77, 78, 79, 80, 81, 82, 83, 84, 85, 86, 87, 88, 51, 90, 91, 92, 93, 94, 95, 96, 97, 98, 99, 100, 101, 102, 103, 104, 105, 106, 107, 108, 109, 110, 111, 112, 113, 114, 115, 116, 117, 118, 119, 120, 121, 18, 123, 124, 125, 126, 127, 128, 129, 130, 131, 132, 133, 134, 135, 136, 137, 138, 139, 140, 141, 142, 143, 30, 1, 2, 3, 4, 5, 6, 7, 8, 9, 10, 11, 12, 13, 14, 15, 16, 17, 18, 104, 20, 21, 63, 23, 24, 25, 26, 27, 28, 29, 30, 31, 32, 33, 34, 35, 36, 37, 38, 39, 40, 41, 42, 43, 44, 45, 46, 47, 48, 49, 50, 51, 64, 53, 54, 55, 56, 57, 58, 59, 60, 61, 62, 19, 144, 65, 66, 67, 68, 69, 70, 71, 72, 73, 74, 75, 76, 77, 78, 79, 80, 81, 82, 83, 84, 85, 86, 87, 88, 89, 90, 91, 92, 93, 94, 95, 96, 97, 98, 99, 100, 101, 102, 103, 52, 105, 106, 107, 108, 109, 110, 111, 112, 113, 114, 115, 116, 117, 118, 119, 120, 121, 122, 123, 124, 125, 126, 127, 128, 129, 130, 131, 132, 133, 134, 135, 136, 137, 138, 139, 140, 141, 142, 143, 22, 1, 2, 3, 4, 5, 6, 7, 8, 9, 10, 11, 12, 13, 14, 15, 16, 17, 18, 19, 20, 21, 22, 57, 24, 25, 26, 27, 28, 29, 30, 31, 32, 33, 34, 35, 36, 37, 38, 39, 40, 41, 42, 43, 44, 45, 46, 47, 48, 49, 50, 51, 52, 53, 54, 132, 56, 144, 58, 59, 60, 61, 62, 63, 64, 65, 66, 67, 68, 69, 70, 71, 72, 73, 74, 75, 76, 77, 78, 79, 80, 81, 82, 83, 84, 85, 86, 87, 88, 89, 90, 91, 92, 93, 94, 95, 96, 97, 98, 99, 100, 101, 102, 103, 104, 105, 106, 55, 108, 109, 110, 111, 112, 113, 114, 115, 116, 117, 118, 119, 120, 121, 122, 123, 124, 125, 126, 127, 128, 129, 130, 131, 23, 133, 134, 135, 136, 137, 138, 139, 140, 141, 142, 143, 107, 1, 2, 3, 4, 5, 6, 7, 8, 9, 10, 11, 12, 13, 14, 15, 16, 17, 18, 19, 20, 21, 22, 23, 37, 25, 26, 27, 28, 29, 30, 31, 32, 33, 34, 35, 36, 65, 38, 39, 40, 41, 42, 43, 44, 45, 46, 47, 48, 49, 50, 51, 52, 53, 54, 55, 71, 57, 58, 59, 60, 61, 62, 63, 64, 144, 66, 67, 68, 69, 70, 24, 72, 73, 74, 75, 76, 77, 78, 79, 80, 81, 82, 83, 84, 85, 86, 87, 88, 89, 90, 91, 92, 93, 94, 95, 96, 97, 98, 99, 100, 101, 102, 103, 104, 105, 106, 107, 108, 109, 110, 111, 112, 113, 114, 115, 116, 117, 118, 119, 56, 121, 122, 123, 124, 125, 126, 127, 128, 129, 130, 131, 132, 133, 134, 135, 136, 137, 138, 139, 140, 141, 142, 143, 120]
Num_visit = [7, 4, 5, 2, 4, 3, 6, 7, 11, 2, 5, 2, 2, 3, 2, 1, 4, 3, 3, 4, 3, 1, 4, 4, 5, 4, 5, 2, 7, 1, 7, 6, 1, 9, 2, 3, 5, 3, 3, 1, 5, 4, 2, 4, 1, 4, 3, 6, 4, 2, 5, 5, 6, 6, 2, 2, 5, 3, 6, 2, 1, 3, 2, 6, 6, 3, 5, 2, 4, 2, 3, 1, 6, 3, 7, 7, 3, 14, 3, 8, 4, 12, 5, 7, 5, 2, 4, 1, 4, 12, 5, 10, 9, 3, 7, 5, 10, 5, 1, 8, 8, 2, 5, 4, 1, 5, 1, 8, 6, 15, 5, 6, 4, 6, 1, 6, 4, 4, 1, 1, 6, 2, 11, 1, 1, 1, 7, 1, 1, 3, 6, 3, 13, 2, 5, 5, 6, 7, 8, 4, 2, 3, 8]
Maximum Distance = 1134
----------
Finished in 302 seconds
