Solver: chuffed
Model: CP_A_Chuffed.mzn

Running inst01.dzn
Successor = [7, 2, 1, 3, 5, 6, 4, 1, 5, 3, 4, 6, 7, 2]
Num_visit = [6, 4, 5, 4, 5, 6]
Maximum Distance = 14
----------
==========
% [X_INTRODUCED_44_ > 13]
Finished in 0 seconds

Running inst02.dzn
Successor = [10, 2, 3, 1, 5, 6, 7, 8, 9, 4, 1, 2, 3, 4, 5, 6, 7, 10, 9, 8, 1, 2, 3, 4, 5, 10, 7, 8, 9, 6, 1, 2, 3, 4, 5, 6, 7, 8, 10, 9, 1, 2, 5, 4, 7, 6, 10, 8, 9, 3, 1, 10, 3, 4, 5, 6, 7, 8, 9, 2]
Num_visit = [9, 9, 7, 8, 8, 9, 9, 9, 9]
Maximum Distance = 226
----------
==========
% [X_INTRODUCED_160_ > 225]
Finished in 0 seconds

Running inst03.dzn
Successor = [1, 8, 3, 2, 4, 6, 7, 5, 1, 2, 7, 4, 5, 6, 8, 3, 6, 2, 3, 4, 5, 8, 7, 1]
Num_visit = [6, 7, 6, 6, 5, 7, 7]
Maximum Distance = 12
----------
==========
% [X_INTRODUCED_74_ > 11]
Finished in 0 seconds

Running inst04.dzn
Successor = [1, 2, 3, 4, 5, 6, 10, 8, 9, 11, 7, 1, 2, 3, 4, 5, 11, 7, 8, 9, 10, 6, 11, 2, 3, 4, 5, 6, 7, 8, 1, 10, 9, 1, 2, 3, 4, 5, 6, 7, 11, 9, 10, 8, 1, 2, 5, 4, 11, 6, 7, 8, 9, 10, 3, 1, 2, 3, 11, 5, 6, 7, 8, 9, 10, 4, 1, 11, 3, 4, 5, 6, 7, 8, 9, 10, 2, 1, 2, 3, 4, 5, 6, 7, 8, 9, 10, 11]
Num_visit = [10, 10, 9, 10, 10, 10, 9, 10, 5, 10]
Maximum Distance = 220
----------
==========
% [X_INTRODUCED_232_ > 219]
Finished in 2 seconds

Running inst05.dzn
Successor = [1, 4, 3, 2, 3, 2, 4, 1]
Num_visit = [2, 3, 3]
Maximum Distance = 206
----------
==========
% [X_INTRODUCED_26_ > 205]
Finished in 0 seconds

Running inst06.dzn
Successor = [1, 2, 3, 9, 5, 6, 7, 8, 4, 1, 2, 3, 4, 5, 6, 7, 9, 8, 1, 2, 3, 4, 5, 6, 9, 8, 7, 9, 2, 3, 4, 5, 6, 7, 8, 1, 1, 2, 3, 4, 9, 6, 7, 8, 5, 1, 6, 9, 4, 5, 3, 7, 8, 2]
Num_visit = [8, 6, 8, 8, 8, 7, 8, 8]
Maximum Distance = 322
----------
==========
% [X_INTRODUCED_145_ > 321]
Finished in 2 seconds

Running inst07.dzn
Successor = [1, 2, 3, 4, 5, 9, 7, 8, 18, 16, 11, 12, 13, 14, 15, 6, 17, 10, 1, 2, 3, 18, 5, 6, 7, 17, 9, 10, 11, 12, 13, 14, 15, 16, 4, 8, 1, 2, 3, 4, 11, 6, 7, 8, 9, 10, 15, 12, 13, 14, 18, 16, 17, 5, 12, 2, 3, 4, 5, 6, 7, 8, 9, 10, 11, 13, 18, 14, 15, 16, 17, 1, 1, 18, 3, 4, 5, 6, 7, 8, 9, 10, 11, 12, 13, 14, 15, 16, 17, 2, 1, 2, 18, 4, 5, 6, 3, 8, 9, 10, 11, 12, 13, 7, 15, 16, 17, 14]
Num_visit = [15, 17, 17, 17, 15, 16, 16, 15, 17, 14, 16, 16, 17, 15, 17, 15, 16]
Maximum Distance = 167
----------
==========
% [X_INTRODUCED_278_ > 166]
Finished in 5 seconds

Running inst08.dzn
Successor = [1, 2, 3, 4, 5, 6, 7, 8, 11, 10, 9, 11, 2, 3, 4, 5, 6, 7, 8, 9, 10, 1, 1, 5, 3, 4, 11, 6, 7, 8, 9, 10, 2, 1, 2, 11, 4, 5, 6, 7, 8, 9, 10, 3, 1, 2, 3, 11, 5, 6, 4, 8, 9, 10, 7, 1, 2, 3, 4, 5, 6, 7, 8, 9, 11, 10, 1, 2, 3, 4, 5, 11, 7, 8, 9, 10, 6, 1, 2, 3, 4, 5, 6, 7, 11, 9, 10, 8]
Num_visit = [10, 9, 10, 10, 10, 10, 9, 10, 10, 10]
Maximum Distance = 186
----------
==========
% [X_INTRODUCED_232_ > 185]
Finished in 0 seconds

Running inst09.dzn
Successor = [1, 2, 14, 4, 5, 3, 7, 8, 9, 10, 11, 12, 13, 6, 1, 14, 3, 4, 5, 6, 7, 8, 9, 10, 11, 12, 13, 2, 1, 2, 3, 4, 5, 6, 7, 14, 9, 10, 11, 12, 13, 8, 1, 2, 3, 4, 5, 6, 7, 8, 14, 10, 11, 12, 13, 9, 1, 2, 3, 4, 5, 6, 7, 8, 9, 10, 11, 12, 13, 14, 1, 2, 3, 4, 5, 6, 14, 8, 9, 10, 11, 12, 13, 7, 1, 2, 3, 4, 5, 6, 7, 8, 9, 14, 11, 12, 13, 10, 14, 2, 3, 11, 5, 6, 7, 8, 9, 10, 1, 12, 4, 13, 1, 2, 3, 4, 5, 6, 7, 8, 9, 10, 11, 14, 13, 12, 1, 2, 3, 4, 14, 6, 7, 8, 9, 10, 11, 12, 13, 5]
Num_visit = [13, 13, 13, 11, 13, 12, 13, 13, 13, 13, 12, 13, 10]
Maximum Distance = 436
----------
==========
% [X_INTRODUCED_350_ > 435]
Finished in 7 seconds

Running inst10.dzn
Successor = [1, 2, 3, 4, 5, 6, 7, 8, 9, 10, 11, 14, 13, 12, 1, 2, 6, 4, 5, 9, 7, 8, 14, 10, 11, 12, 13, 3, 1, 2, 3, 4, 5, 6, 7, 8, 9, 10, 11, 12, 13, 14, 1, 2, 3, 4, 5, 6, 7, 8, 9, 10, 11, 12, 13, 14, 1, 2, 3, 4, 14, 6, 7, 8, 9, 10, 11, 12, 13, 5, 1, 2, 3, 4, 5, 6, 7, 14, 9, 10, 11, 12, 13, 8, 1, 14, 3, 4, 5, 6, 7, 8, 9, 10, 11, 12, 13, 2, 1, 2, 3, 14, 5, 6, 7, 8, 9, 4, 11, 12, 13, 10, 1, 2, 3, 4, 5, 6, 7, 8, 9, 10, 11, 12, 13, 14, 7, 2, 3, 4, 5, 6, 13, 8, 9, 10, 1, 12, 14, 11]
Num_visit = [11, 13, 11, 13, 13, 12, 12, 13, 13, 12, 10, 13, 13]
Maximum Distance = 244
----------
==========
% [X_INTRODUCED_350_ > 243]
Finished in 225 seconds

Running inst11.dzn
=====UNKNOWN=====
Finished in 301 seconds

Running inst12.dzn
=====UNKNOWN=====
Finished in 302 seconds

Running inst13.dzn
Successor = [1, 2, 3, 48, 5, 6, 13, 8, 9, 10, 33, 40, 35, 14, 15, 16, 44, 11, 19, 38, 21, 22, 23, 20, 25, 37, 29, 28, 12, 26, 18, 32, 4, 34, 30, 36, 17, 39, 31, 24, 41, 42, 43, 27, 45, 46, 47, 7, 22, 2, 3, 4, 9, 48, 7, 10, 14, 41, 11, 12, 13, 28, 34, 16, 17, 18, 8, 20, 21, 6, 1, 24, 5, 26, 27, 32, 29, 30, 31, 23, 33, 25, 35, 36, 37, 38, 39, 40, 15, 42, 43, 44, 45, 46, 47, 19, 1, 3, 36, 4, 5, 6, 7, 8, 9, 10, 11, 12, 13, 14, 15, 42, 17, 18, 19, 20, 2, 22, 23, 24, 25, 26, 27, 28, 29, 30, 31, 32, 33, 34, 35, 43, 37, 38, 39, 40, 41, 47, 46, 44, 48, 16, 45, 21]
Num_visit = [45, 39, 40, 47, 39, 47, 27, 33, 40, 34, 45, 37, 28, 41, 36, 44, 33, 44, 32, 40, 38, 46, 44, 39, 38, 31, 35, 42, 36, 30, 43, 43, 46, 37, 29, 41, 32, 41, 42, 38, 35, 45, 42, 34, 47, 43, 46]
Maximum Distance = 1912
----------
% Time limit exceeded!
Finished in 300 seconds

Running inst14.dzn
=====UNKNOWN=====
Finished in 303 seconds

Running inst15.dzn
=====UNKNOWN=====
Finished in 302 seconds

Running inst16.dzn
=====UNKNOWN=====
Finished in 302 seconds

Running inst17.dzn
=====UNKNOWN=====
Finished in 302 seconds

Running inst18.dzn
=====UNKNOWN=====
Finished in 303 seconds

Running inst19.dzn
=====UNKNOWN=====
Finished in 301 seconds

Running inst20.dzn
=====UNKNOWN=====
Finished in 303 seconds

Running inst21.dzn
=====UNKNOWN=====
Finished in 302 seconds
